0 0.351334 0.306261 0.115334 0.155668
0 0.290498 0.434010 0.115334 0.137056
0 0.495184 0.338409 0.111531 0.142132
0 0.611785 0.351100 0.119136 0.150592
0 0.699869 0.490694 0.102660 0.131980
0 0.410902 0.437394 0.130542 0.133672
0 0.331055 0.558376 0.135612 0.162437
0 0.331689 0.704738 0.144484 0.170897
0 0.558554 0.461083 0.126740 0.137056
0 0.478708 0.523689 0.103927 0.133672
0 0.443220 0.637902 0.108997 0.138748
0 0.500253 0.748731 0.126740 0.160745
0 0.621924 0.717428 0.131810 0.169205
0 0.606715 0.577834 0.136879 0.123519