0 0.740212 0.392789 0.194575 0.244548
0 0.882311 0.292665 0.214623 0.299483
0 0.876415 0.618730 0.214623 0.391632
0 0.698349 0.166847 0.188679 0.281762
0 0.524410 0.111026 0.199292 0.219739
0 0.332783 0.114570 0.240566 0.226828
0 0.161792 0.295324 0.191038 0.272902
0 0.339858 0.341398 0.242925 0.297711
0 0.551533 0.355575 0.192217 0.283534
0 0.144104 0.566453 0.198113 0.315432
0 0.433019 0.559365 0.259434 0.322520
0 0.675354 0.538100 0.244104 0.287079
0 0.256722 0.801255 0.279481 0.356190
0 0.498467 0.843785 0.213443 0.299483
0 0.716038 0.828723 0.216981 0.333153